int G20[30][30] = { // 20x20 graph
    {0, 233, 0, 54, 482, 259, 256, 0, 0, 440, 199, 181, 230, 0, 231, 79, 0, 0, 0, 35 },
    {32, 0, 0, 325, 389, 407, 27, 0, 0, 75, 57, 70, 0, 0, 392, 0, 345, 0, 0, 275 },
    {269, 15, 0, 0, 0, 0, 91, 333, 0, 279, 463, 190, 0, 0, 204, 48, 244, 38, 0, 307 },
    {0, 352, 0, 0, 331, 0, 6, 385, 0, 61, 89, 464, 448, 473, 290, 0, 338, 380, 169, 265 },
    {290, 91, 157, 487, 0, 218, 278, 3, 309, 112, 134, 272, 302, 190, 0, 172, 398, 229, 479, 0 },
    {250, 60, 337, 488, 121, 0, 278, 0, 452, 422, 252, 94, 0, 260, 132, 116, 0, 377, 422, 207 },
    {35, 0, 410, 426, 0, 313, 0, 265, 87, 277, 399, 212, 431, 90, 384, 329, 171, 0, 364, 0 },
    {432, 83, 53, 420, 56, 332, 224, 0, 478, 84, 171, 0, 90, 68, 287, 468, 491, 494, 0, 3 },
    {253, 272, 168, 18, 0, 360, 446, 269, 0, 72, 229, 211, 456, 59, 382, 172, 343, 465, 78, 115},
    {22, 410, 339, 352, 0, 346, 0, 10, 0, 0, 443, 0, 266, 149, 411, 257, 496, 266, 0, 362 },
    {0, 120, 434, 380, 480, 232, 2, 404, 462, 213, 0, 213, 373, 448, 237, 68, 0, 265, 315, 183 },
    {0, 139, 0, 77, 374, 492, 275, 237, 287, 42, 238, 0, 198, 151, 234, 0, 0, 0, 464, 0 },
    {14, 355, 250, 246, 187, 0, 335, 248, 92, 149, 314, 305, 0, 374, 262, 42, 0, 442, 379, 210 },
    {477, 19, 287, 203, 0, 0, 11, 415, 440, 298, 457, 31, 348, 0, 108, 265, 164, 0, 122, 472 },
    {266, 221, 0, 0, 160, 453, 469, 104, 102, 135, 409, 328, 249, 303, 0, 122, 129, 365, 99, 148 },
    {5, 303, 11, 0, 0, 420, 95, 161, 377, 478, 9, 0, 337, 244, 25, 0, 312, 216, 143, 33 },
    {0, 228, 97, 354, 332, 51, 490, 93, 0, 0, 380, 239, 0, 249, 2, 368, 0, 0, 0, 114},
    {0, 454, 368, 119, 109, 379, 39, 0, 0, 56, 40, 268, 35, 401, 106, 279, 278, 0, 0, 270 },
    {0, 347, 422, 303, 0, 428, 19, 157, 260, 0, 70, 499, 0, 354, 302, 91, 455, 305, 0, 459 },
    {69, 0, 259, 180, 41, 220, 59, 432, 276, 452, 201, 311, 0, 353, 0, 159, 0, 442, 484, 0 }
    };


output = Traveling(G20, 20, 'A');
    cout << output << endl;